0,559
17,960
17,873
17,872
17,871
17,870
17,869
17,868
17,867
17,866
17,865
17,864
17,863
17,862
17,861
17,860
17,859
17,858
17,857
17,830
17,829
17,828
17,827
17,826
17,825
17,824
17,823
17,822
17,821
17,820
17,819
17,818
17,817
17,816
17,815
17,814
17,813
17,812
17,811
17,810
17,809
0,772
17,808
17,807
17,806
17,805
0,771
17,804
17,803
17,802
17,801
17,800
17,799
0,770
17,798
17,797
17,796
0,769
17,795
17,794
17,793
17,792
17,791
0,768
17,790
17,789
17,788
17,787
17,786
17,785
17,784
17,783
17,782
17,38
17,781
17,780
17,856
17,779
17,778
17,777
17,776
17,775
17,774
17,773
17,772
17,766
17,765
17,764
17,763
17,762
17,761
17,760
17,896
17,759
17,758
17,757
17,756
17,755
17,754
17,753
17,752
17,751
17,750
17,855
17,749
17,771
17,770
17,854
17,748
17,853
17,747
17,852
17,746
17,745
17,744
17,851
17,743
17,769
17,742
17,741
17,740
17,739
17,738
17,737
17,736
17,735
17,734
17,850
17,849
17,848
17,847
17,846
17,845
17,844
17,843
17,842
17,841
17,840
17,839
17,838
17,837
17,836
17,835
17,834
17,833
17,831
17,733
17,732
17,832
17,731
17,730
17,729
17,728
17,727
17,726
17,725
17,724
17,723
17,722
17,721
17,720
17,719
17,718
17,717
17,716
17,715
17,714
17,713
17,767
17,712
17,711
17,710
17,709
17,708
17,707
17,706
17,705
17,703
17,702
17,701
17,700
17,699
17,698
17,697
17,696
17,695
17,694
17,693
17,692
17,691
17,690
17,689
17,688
17,687
17,686
17,685
17,684
17,683
17,682
17,681
17,680
17,679
17,678
17,677
17,768
17,676
17,675
17,674
17,673
17,672
17,671
17,670
17,669
17,668
17,667
17,666
17,665
17,664
17,663
17,662
17,661
53,35
53,34
53,33
53,32
53,31
53,30
53,29
53,28
53,27
53,26
53,25
53,24
53,23
53,22
53,21
53,20
53,19
53,18
53,17
53,16
53,15
53,14
53,13
53,12
53,11
53,10
53,9
53,8
53,7
53,6
53,5
0,542
0,541
17,660
17,659
17,658
17,657
17,656
17,655
17,654
17,653
17,652
17,651
17,650
17,649
17,648
17,647
17,646
17,645
17,644
17,643
17,642
17,641
17,639
17,638
17,637
17,636
17,635
17,634
17,633
17,632
17,631
17,630
17,629
17,628
17,627
17,626
17,625
17,624
17,623
17,622
17,621
17,704
17,620
17,619
0,705
17,618
17,617
17,616
17,615
17,614
0,704
17,613
17,612
17,37
17,611
17,610
17,609
17,608
17,607
17,606
17,605
17,604
17,603
17,602
17,601
17,600
17,599
17,598
17,597
17,596
17,595
17,594
17,593
17,592
17,591
17,590
17,589
17,588
17,587
17,586
17,585
17,584
17,583
17,582
17,581
17,580
17,579
17,578
17,577
17,575
17,574
17,573
17,572
17,571
17,570
17,569
17,568
17,567
17,566
17,565
17,640
17,564
17,563
17,562
17,561
17,560
17,559
17,558
17,557
17,556
17,555
17,554
17,553
17,552
17,551
17,550
17,549
17,548
17,547
17,546
17,545
17,544
17,543
17,542
17,541
17,540
0,523
17,539
17,538
0,522
17,537
17,536
17,535
17,534
17,533
17,532
17,531
17,530
17,529
17,528
17,527
17,526
17,525
17,524
17,523
17,522
17,521
17,520
17,519
17,518
17,517
17,516
17,515
17,514
17,513
17,510
17,509
17,508
17,576
17,507
17,506
17,505
17,504
17,503
17,502
17,501
17,500
17,499
17,498
17,497
17,496
17,495
17,494
17,493
17,492
17,491
17,490
17,489
17,488
17,487
17,486
17,485
17,484
17,483
17,482
17,481
17,480
17,479
17,478
17,477
17,476
17,475
17,474
17,473
17,472
17,471
17,470
17,469
17,468
17,467
17,466
17,465
17,464
17,463
17,462
17,461
17,460
17,459
17,458
17,457
17,456
17,455
17,512
0,604
0,603
0,602
0,601
0,600
0,599
0,598
0,597
0,596
0,595
0,594
0,593
0,592
0,591
0,590
0,589
0,588
0,587
0,586
0,585
0,584
0,583
0,582
0,581
0,580
2,17
0,579
0,578
4,3
0,577
0,576
0,511
0,510
0,509
0,508
0,507
0,506
0,505
0,504
0,503
0,502
0,501
0,500
0,499
0,498
0,497
18,4
0,496
0,495
0,494
0,493
0,492
0,491
0,490
0,489
0,488
0,487
0,486
0,485
0,484
0,483
0,482
0,481
18,3
0,480
0,479
0,478
0,477
0,476
0,475
0,474
0,473
0,472
0,471
0,470
0,469
0,468
0,467
0,466
0,465
0,464
0,463
0,462
0,461
0,460
0,459
0,458
0,457
0,456
0,455
0,454
0,453
0,452
0,451
0,450
0,449
0,448
0,446
0,445
0,440
0,408
0,322
0,243
0,1
0,0
53,3
0,442
0,439
1,3
2,9
2,3
0,9
0,310
0,305
0,444
0,308
0,304
0,303
0,302
0,307
0,441
0,12
0,438
0,10
0,8
0,348
0,300
0,436
0,299
0,388
0,298
0,534
0,297
0,368
0,296
0,321
0,295
0,362
0,294
0,293
0,429
0,292
0,394
0,291
0,427
0,290
0,426
0,289
0,306
0,288
0,341
0,287
0,344
0,286
0,422
0,285
0,319
0,284
0,318
0,283
0,533
0,282
0,363
0,281
0,334
0,280
0,380
0,279
0,415
0,278
0,358
0,277
0,276
0,605
0,606
0,608
0,609
0,611
0,612
0,614
0,616
0,617
0,619
0,620
0,622
0,624
0,625
0,627
0,628
0,630
0,640
1,0
1,2
2,0
2,2
2,4
2,6
2,8
2,10
2,12
2,13
2,15
2,16
2,19
2,21
2,22
2,24
3,0
3,2
3,4
3,5
4,0
4,1
5,0
5,1
5,3
5,5
6,0
6,2
6,3
7,1
7,3
7,4
8,0
8,1
8,3
9,1
9,2
10,0
10,1
10,3
10,4
11,1
11,3
11,4
12,1
12,2
13,0
13,2
13,3
14,0
14,1
14,3
14,4
15,1
15,3
15,4
15,6
15,7
16,1
16,3
17,0
17,2
17,3
17,5
17,6
17,8
17,10
17,11
17,13
17,14
17,16
17,18
17,19
17,21
17,22
17,24
17,26
17,27
17,29
17,30
17,32
17,33
17,35
17,64
17,65
17,67
17,68
17,70
17,72
17,73
17,75
17,76
17,78
17,79
17,81
17,83
17,84
17,86
17,87
17,89
17,91
17,92
17,94
17,95
17,97
17,98
17,100
17,102
17,103
17,105
17,106
17,108
17,110
17,111
17,113
17,114
17,116
17,117
17,119
17,121
17,122
17,124
17,125
17,127
17,129
17,130
17,132
17,133
17,135
17,137
17,138
17,140
17,141
17,143
17,144
17,146
17,148
17,149
17,151
17,152
17,154
17,156
17,157
17,159
17,160
17,162
17,163
17,165
17,167
17,168
17,170
17,171
17,173
17,175
17,176
17,178
17,179
17,181
17,182
17,184
17,186
17,187
17,189
17,190
17,192
17,194
17,195
17,197
17,198
17,200
17,202
17,203
17,205
17,206
17,208
17,209
17,211
17,213
17,214
17,216
17,217
17,219
17,221
17,222
17,224
17,225
17,227
17,228
17,230
17,232
17,233
17,235
17,236
17,238
17,240
17,241
17,243
17,244
17,246
17,247
17,249
17,251
17,252
17,254
17,255
17,257
17,259
17,260
17,262
17,263
17,265
17,266
17,268
17,270
17,271
17,273
17,274
17,276
17,278
17,279
17,281
17,282
17,284
17,286
17,287
17,289
17,290
17,292
17,293
17,295
17,297
17,298
17,300
17,301
17,303
17,305
17,306
17,308
17,309
17,311
17,312
17,314
17,316
17,317
17,319
17,320
17,322
17,324
17,325
17,327
17,328
17,330
17,331
17,333
17,335
17,336
17,338
17,339
17,341
17,343
17,344
17,346
17,347
17,349
17,351
17,352
17,354
17,355
17,357
17,358
17,360
17,362
17,363
17,365
17,366
17,368
17,370
17,371
17,373
17,374
17,376
17,377
17,379
17,381
17,382
17,384
17,385
17,387
17,389
17,390
17,392
17,393
17,395
17,396
17,398
17,400
17,401
17,403
17,404
17,406
17,408
17,409
17,411
17,412
17,414
17,416
17,417
17,419
17,420
17,422
17,423
17,425
17,427
17,428
17,430
17,431
17,433
17,435
17,436
17,438
17,439
17,441
17,442
17,444
17,446
17,447
17,449
17,450
17,452
17,454
17,511
18,1
18,2
19,0
19,1
19,3
20,0
20,1
20,3
20,4
21,0
21,2
21,3
21,5
22,0
22,2
22,3
22,5
23,1
23,2
23,4
24,0
24,2
24,4
24,5
25,1
25,2
25,4
26,0
26,1
26,3
26,4
27,1
27,2
27,4
27,6
28,0
28,2
28,3
29,0
29,2
29,3
30,0
30,1
30,3
30,4
30,6
31,1
31,2
31,4
31,5
31,7
32,1
32,2
32,4
32,5
33,1
33,2
34,0
34,2
34,3
34,5
34,6
35,1
35,3
35,4
35,6
35,7
35,9
35,11
36,0
36,2
36,3
36,5
37,0
37,2
38,0
38,1
38,3
38,4
39,1
39,3
39,4
39,6
39,7
40,0
40,1
40,3
40,5
41,0
41,2
41,3
42,0
42,2
42,3
42,5
42,6
43,1
43,2
43,4
44,0
44,1
44,3
44,4
44,6
44,8
45,0
45,2
45,3
46,0
46,1
46,3
47,0
47,1
47,3
47,4
47,6
48,1
48,2
48,4
48,5
48,7
48,9
48,10
49,1
49,2
49,4
49,5
50,0
50,2
50,3
50,5
50,6
50,8
51,1
51,2
52,0
52,1
52,3
52,4
52,6
52,8
53,0
53,2
53,4
54,1
54,3
54,4
54,6
54,7
54,9
55,0
55,2
55,4
55,5
55,7
55,8
56,1
56,3
56,4
56,6
56,7
56,9
56,11
56,12
57,1
57,2
57,4
57,5
58,0
58,2
58,3
58,5
58,6
59,0
59,2
59,3
59,5
59,6
60,1
60,2
60,4
60,6
60,7
61,0
61,1
61,3
62,1
62,2
62,4
62,5
64,0
64,1
64,3
65,1
65,2
65,4
66,0
66,2
67,0
67,1
67,3
67,4
68,1
68,2
68,4
70,1
70,2
70,4
71,0
71,2
71,4
72,0
72,2
72,3
73,1
73,3
74,0
74,2
74,3
76,0
76,1
76,3
77,1
77,2
79,0
79,1
79,3
80,1
80,2
81,0
81,1
81,3
81,4
200,1
200,3
200,4
200,6
200,7
200,9
200,11
200,12
201,0
201,1
201,3
202,0
202,2
202,4
203,0
203,2
203,3
203,5
204,0
204,1
204,3
204,4
204,6
205,1
205,2
205,4
205,5
205,7
205,8
206,1
206,3
206,4
206,6
206,7
207,1
207,3
207,4
208,0
208,1
208,3
208,4
208,6
209,1
209,2
209,4
209,5
209,7
210,0
210,1
210,3
210,4
210,6
210,7
211,1
211,3
211,4
211,6
211,7
211,9
212,0
212,1
212,3
212,4
213,0
213,2
213,3
213,5
214,0
214,2
214,3
214,5
214,7
215,0
215,2
215,3
215,5
216,0
216,1
216,3
216,4
216,6
217,0
217,2
217,4
217,5
217,7
218,0
218,2
218,4
218,5
219,1
219,2
219,4
219,5
220,0
220,2
220,3
220,5
220,6
221,1
221,3
221,4
221,6
222,0
222,2
222,3
222,5
223,1
223,2
223,4
223,5
224,0
224,2
224,3
224,5
224,6
225,0
225,2
225,3
225,5
225,6
226,0
226,1
226,3
227,0
227,1
227,3
227,4
227,6
228,1
228,2
228,4
228,5
228,7
229,0
229,2
229,4
229,5
230,0
230,1
230,3
230,5
230,6
231,1
231,2
231,4
231,5
232,1
232,3
232,4
233,0
233,1
233,3
233,5
233,6
234,1
234,2
234,4
234,6
235,0
235,2
235,3
235,5
235,6
236,1
236,3
236,4
236,6
236,7
237,1
237,3
237,4
238,0
238,1
238,3
238,4
238,5
238,2
237,5
237,2
237,0
236,5
236,2
236,0
235,4
235,1
234,5
234,3
234,0
233,4
233,2
232,5
232,2
232,0
231,3
231,0
230,4
230,2
229,6
229,3
229,1
228,6
228,3
228,0
227,5
227,2
226,4
226,2
225,7
225,4
225,1
224,7
224,4
224,1
223,6
223,3
223,0
222,4
222,1
221,5
221,2
221,0
220,4
220,1
219,6
219,3
219,0
218,3
218,1
217,6
217,3
217,1
216,5
216,2
215,6
215,4
215,1
214,6
214,4
214,1
213,4
213,1
212,5
212,2
211,10
211,8
211,5
211,2
211,0
210,5
210,2
209,8
209,6
209,3
209,0
208,5
208,2
207,5
207,2
207,0
206,5
206,2
206,0
205,6
205,3
205,0
204,5
204,2
203,6
203,4
203,1
202,3
202,1
201,2
200,13
200,10
200,8
200,5
200,2
200,0
81,2
80,3
80,0
79,2
77,3
77,0
76,2
74,4
74,1
73,2
73,0
72,1
71,3
71,1
70,3
70,0
68,3
68,0
67,2
66,3
66,1
65,3
65,0
64,2
62,6
62,3
62,0
61,2
60,8
60,5
60,3
60,0
59,4
59,1
58,7
58,4
58,1
57,6
57,3
57,0
56,10
56,8
56,5
56,2
56,0
55,6
55,3
55,1
54,8
54,5
54,2
54,0
53,1
52,7
52,5
52,2
51,3
51,0
50,7
50,4
50,1
49,6
49,3
49,0
48,8
48,6
48,3
48,0
47,5
47,2
46,4
46,2
45,4
45,1
44,7
44,5
44,2
43,5
43,3
43,0
42,4
42,1
41,4
41,1
40,4
40,2
39,8
39,5
39,2
39,0
38,2
37,3
37,1
36,4
36,1
35,10
35,8
35,5
35,2
35,0
34,4
34,1
33,3
33,0
32,3
32,0
31,6
31,3
31,0
30,5
30,2
29,4
29,1
28,4
28,1
27,5
27,3
27,0
26,2
25,5
25,3
25,0
24,3
24,1
23,3
23,0
22,4
22,1
21,4
21,1
20,5
20,2
19,4
19,2
18,5
18,0
17,453
17,451
17,448
17,445
17,443
17,440
17,437
17,434
17,432
17,429
17,426
17,424
17,421
17,418
17,415
17,413
17,410
17,407
17,405
17,402
17,399
17,397
17,394
17,391
17,388
17,386
17,383
17,380
17,378
17,375
17,372
17,369
17,367
17,364
17,361
17,359
17,356
17,353
17,350
17,348
17,345
17,342
17,340
17,337
17,334
17,332
17,329
17,326
17,323
17,321
17,318
17,315
17,313
17,310
17,307
17,304
17,302
17,299
17,296
17,294
17,291
17,288
17,285
17,283
17,280
17,277
17,275
17,272
17,269
17,267
17,264
17,261
17,258
17,256
17,253
17,250
17,248
17,245
17,242
17,239
17,237
17,234
17,231
17,229
17,226
17,223
17,220
17,218
17,215
17,212
17,210
17,207
17,204
17,201
17,199
17,196
17,193
17,191
17,188
17,185
17,183
17,180
17,177
17,174
17,172
17,169
17,166
17,164
17,161
17,158
17,155
17,153
17,150
17,147
17,145
17,142
17,139
17,136
17,134
17,131
17,128
17,126
17,123
17,120
17,118
17,115
17,112
17,109
17,107
17,104
17,101
17,99
17,96
17,93
17,90
17,88
17,85
17,82
17,80
17,77
17,74
17,71
17,69
17,66
17,36
17,34
17,31
17,28
17,25
17,23
17,20
17,17
17,15
17,12
17,9
17,7
17,4
17,1
16,2
16,0
15,5
15,2
15,0
14,2
13,4
13,1
12,3
12,0
11,2
11,0
10,2
9,3
9,0
8,2
7,5
7,2
7,0
6,1
5,4
5,2
4,2
3,6
3,3
3,1
2,23
2,20
2,18
2,14
2,11
2,7
2,5
2,1
1,1
0,641
0,629
0,626
0,623
0,621
0,618
0,615
0,613
0,610
0,607
0,312
0,275
0,544
0,274
0,410
0,273
0,433
0,272
0,271
0,270
0,405
0,269
0,338
0,268
0,324
0,267
0,337
0,266
0,389
0,265
0,400
0,264
0,333
0,263
0,262
0,428
0,261
0,425
0,260
0,332
0,259
0,401
0,258
0,257
0,347
0,256
0,391
0,255
0,317
0,254
0,365
0,253
0,315
0,252
0,432
0,251
0,403
0,250
0,385
0,249
0,384
0,248
0,518
0,247
0,416
0,246
0,381
0,245
0,387
0,244
0,379
0,242
0,241
0,386
0,240
0,336
0,239
0,375
0,238
0,314
0,237
0,421
0,236
0,235
0,371
0,234
0,233
0,369
0,232
0,437
0,231
0,367
0,230
0,229
0,353
0,228
0,366
0,227
0,330
0,226
0,435
0,225
0,361
0,224
0,517
0,223
0,359
0,222
0,352
0,221
0,516
0,220
0,364
0,219
0,377
0,218
0,374
0,217
0,447
0,216
0,350
0,215
0,214
0,420
0,213
0,349
0,212
0,211
0,343
0,210
0,357
0,209
0,521
0,208
0,423
0,207
0,355
0,206
0,342
0,205
0,373
0,204
0,340
0,203
0,339
0,202
0,515
0,201
0,514
0,200
0,335
0,199
0,414
0,198
0,419
0,197
0,354
0,196
0,195
0,331
0,194
0,513
0,193
0,399
0,192
0,328
0,63
0,520
0,62
0,411
0,61
0,326
0,60
0,329
0,59
0,431
0,58
0,325
0,57
0,323
0,56
0,346
0,55
0,412
0,54
0,519
0,53
